[{"id": 0, "img_name": "r_0", "width": 512, "height": 512, "position": [-1.0939715102549548, 5.5675918915639055, -12.174680244970132], "rotation": [[-0.992995196611959, 0.02524582765104265, 0.1154271042737317], [-0.0735765666633321, -0.8965039790216879, -0.4368833381457889], [0.0924513695129919, -0.4423157782044763, 0.8920814758796933]], "fy": 3095.4506835937505, "fx": 3095.4506835937505, "cx": 222.98043823242188, "cy": 243.00564575195312, "pl_pos": [-3.9575209516334553, 5.634741219220132, -0.7348661982693727], "pl_intensity": [6.64408016204834, 6.64408016204834, 6.64408016204834]}, {"id": 1, "img_name": "r_1", "width": 512, "height": 512, "position": [11.928913611371634, 12.024888021638716, 3.107096757199835], "rotation": [[-0.11697808460087286, 0.7090647736511853, -0.6953728915044934], [0.38156335876887254, -0.6143528511544812, -0.6906373355124058], [-0.9169107999679182, -0.34611827212969787, -0.19868730143666244]], "fy": 3095.4506835937505, "fx": 3095.4506835937505, "cx": 222.98043823242188, "cy": 243.00564575195312, "pl_pos": [0.8719362311210688, 3.361660805144311, -6.183921380977608], "pl_intensity": [6.64408016204834, 6.64408016204834, 6.64408016204834]}, {"id": 2, "img_name": "r_2", "width": 512, "height": 512, "position": [-10.47603705168958, 7.219896953988562, -6.593861264298995], "rotation": [[-0.5694676800403629, -0.35732957025158985, 0.7402852759918509], [-0.14541413497716404, -0.8425808736601561, -0.5185673403995407], [0.8090496472614623, -0.4029552033569359, 0.42786176971740614]], "fy": 3095.4506835937505, "fx": 3095.4506835937505, "cx": 222.98043823242188, "cy": 243.00564575195312, "pl_pos": [-2.523620491890881, 4.9524810200881575, 2.839440784320857], "pl_intensity": [6.64408016204834, 6.64408016204834, 6.64408016204834]}, {"id": 3, "img_name": "r_3", "width": 512, "height": 512, "position": [-8.155521469450113, 5.701947867466802, 8.523613025726094], "rotation": [[0.7407823689689029, -0.2961426377905985, 0.602943760447171], [0.013292272903585589, -0.8909400623871281, -0.45392628055402917], [0.6716135859765291, 0.34427509857463817, -0.6560562026608536]], "fy": 3095.4506835937505, "fx": 3095.4506835937505, "cx": 222.98043823242188, "cy": 243.00564575195312, "pl_pos": [-4.75496119379045, 3.3129406721448618, -1.0431102617049248], "pl_intensity": [6.64408016204834, 6.64408016204834, 6.64408016204834]}, {"id": 4, "img_name": "r_4", "width": 512, "height": 512, "position": [1.9145393718576784, 5.533412447336484, 11.606439946342256], "rotation": [[0.9885576916386112, 0.020475206567091408, -0.14944780370930877], [-0.04731109192297002, -0.8986667574530607, -0.4360729346248381], [-0.14323240858072775, 0.4381538230082262, -0.8874151104325433]], "fy": 3095.4506835937505, "fx": 3095.4506835937505, "cx": 222.98043823242188, "cy": 243.00564575195312, "pl_pos": [5.690581247944806, 2.59594073198798, -0.35308607890272015], "pl_intensity": [6.64408016204834, 6.64408016204834, 6.64408016204834]}, {"id": 5, "img_name": "r_5", "width": 512, "height": 512, "position": [5.769422150165962, 6.62059377277122, -10.914870074969736], "rotation": [[-0.8583914502006071, 0.3088625637256053, -0.4095951886984323], [-0.09945330381229911, -0.8834842675526094, -0.4577820543410486], [-0.5032626237408122, -0.35222069861720273, 0.7890926997034103]], "fy": 3095.4506835937505, "fx": 3095.4506835937505, "cx": 222.98043823242188, "cy": 243.00564575195312, "pl_pos": [-4.568380968184442, 4.307241036233904, -3.3075607556247633], "pl_intensity": [6.64408016204834, 6.64408016204834, 6.64408016204834]}, {"id": 6, "img_name": "r_6", "width": 512, "height": 512, "position": [-9.604762906759664, 7.385724650125778, -7.919049457831895], "rotation": [[-0.6353021927759585, -0.31535261967881095, 0.7049425831940225], [-0.1089476943507802, -0.8670983075053503, -0.4860770534914869], [0.7645400893961132, -0.38560766693507925, 0.5165123766897817]], "fy": 3095.4506835937505, "fx": 3095.4506835937505, "cx": 222.98043823242188, "cy": 243.00564575195312, "pl_pos": [-4.765181247038868, 2.4693607018852504, 1.6937944159016638], "pl_intensity": [6.64408016204834, 6.64408016204834, 6.64408016204834]}, {"id": 7, "img_name": "r_7", "width": 512, "height": 512, "position": [3.5563533466063237, 6.5542831797593815, 11.396411861133235], "rotation": [[0.9651109671825373, 0.05323123217978534, -0.25637398458603394], [-0.08268862882933424, -0.867053171829329, -0.4913057533873483], [-0.24844268954506765, 0.49536366199980336, -0.8324006510360465]], "fy": 3095.4506835937505, "fx": 3095.4506835937505, "cx": 222.98043823242188, "cy": 243.00564575195312, "pl_pos": [2.3272405450916267, 5.631681354446414, -1.1986523148183892], "pl_intensity": [6.64408016204834, 6.64408016204834, 6.64408016204834]}, {"id": 8, "img_name": "r_8", "width": 512, "height": 512, "position": [-1.3235016596287434, 6.206881754671742, 11.848603164115433], "rotation": [[0.977571184927572, -0.18992467859379367, 0.09101312320640015], [-0.12740257615544437, -0.8774050294483768, -0.4625243350059255], [0.16770012048502, 0.4405551210503695, -0.881922814102398]], "fy": 3095.4506835937505, "fx": 3095.4506835937505, "cx": 222.98043823242188, "cy": 243.00564575195312, "pl_pos": [1.9883824559168772, 5.187641426954315, 4.524261122765552], "pl_intensity": [6.64408016204834, 6.64408016204834, 6.64408016204834]}, {"id": 9, "img_name": "r_9", "width": 512, "height": 512, "position": [-11.836121097638182, 5.581479668911318, -2.168568542069732], "rotation": [[-0.16023344203516754, -0.41727497768795374, 0.8945430362518301], [-0.05208156873391641, -0.901415894113281, -0.4298100859674362], [0.9857041067801712, -0.11545911970288264, 0.12270464324970999]], "fy": 3095.4506835937505, "fx": 3095.4506835937505, "cx": 222.98043823242188, "cy": 243.00564575195312, "pl_pos": [-1.1055982364649708, 5.235621270089155, 3.9030608899736308], "pl_intensity": [6.64408016204834, 6.64408016204834, 6.64408016204834]}, {"id": 10, "img_name": "r_0", "width": 512, "height": 512, "position": [11.349483889279506, 4.416883518324195, 2.9148372310205146], "rotation": [[0.23774587977788034, 0.3658329880024776, -0.8998017842919052], [0.028724132256115163, -0.9286057713791316, -0.3699542903176222], [-0.9709025474266201, 0.06210910812964419, -0.23128043858888186]], "fy": 3095.4506835937505, "fx": 3095.4506835937505, "cx": 222.98043823242188, "cy": 243.00564575195312, "pl_pos": [4.030261046948453, 4.840221128516191, 4.426860911097492], "pl_intensity": [6.64408016204834, 6.64408016204834, 6.64408016204834]}, {"id": 11, "img_name": "r_1", "width": 512, "height": 512, "position": [-4.4443355666004445, 12.097303413701175, 11.193122671394354], "rotation": [[0.9638582304367538, 0.08069151127086427, 0.2539024731018452], [0.24115752141378713, -0.6692955591984864, -0.7027705382213142], [0.11322814988619084, 0.7386015928305535, -0.6645651765127205]], "fy": 3095.4506835937505, "fx": 3095.4506835937505, "cx": 222.98043823242188, "cy": 243.00564575195312, "pl_pos": [0.2373340546689029, 4.251040995368953, 5.0310413911438445], "pl_intensity": [6.64408016204834, 6.64408016204834, 6.64408016204834]}, {"id": 12, "img_name": "r_2", "width": 512, "height": 512, "position": [7.7405747594156615, 4.862044829739233, 8.712587092097108], "rotation": [[0.7552331545966938, 0.258506157397487, -0.6023269256906054], [-0.006134108962122983, -0.9161149755681028, -0.4008686239976708], [-0.6554276792443529, 0.30644395900137006, -0.6902944670116793]], "fy": 3095.4506835937505, "fx": 3095.4506835937505, "cx": 222.98043823242188, "cy": 243.00564575195312, "pl_pos": [-5.026961094608282, 4.460481276626638, 0.08679262382807806], "pl_intensity": [6.64408016204834, 6.64408016204834, 6.64408016204834]}, {"id": 13, "img_name": "r_3", "width": 512, "height": 512, "position": [1.8658014215948528, 7.746517597798285, 12.055166257658815], "rotation": [[0.9860868245535412, 0.011003848198884796, -0.1658671512874682], [-0.07831857591135752, -0.8493696131487144, -0.5219552387981305], [-0.14662602811892572, 0.5276836126641914, -0.8366903730247508]], "fy": 3095.4506835937505, "fx": 3095.4506835937505, "cx": 222.98043823242188, "cy": 243.00564575195312, "pl_pos": [-0.474782103248117, 5.966901294445961, -3.4989007708787767], "pl_intensity": [6.64408016204834, 6.64408016204834, 6.64408016204834]}, {"id": 14, "img_name": "r_4", "width": 512, "height": 512, "position": [-4.942866550175038, 5.605472470634253, -11.088405391789138], "rotation": [[-0.9017078326787575, -0.19771416382983387, 0.3844898305059261], [0.014596775056323084, -0.9027246276942744, -0.4299709480989666], [0.4320997834619194, -0.38209569805964516, 0.8168797238908626]], "fy": 3095.4506835937505, "fx": 3095.4506835937505, "cx": 222.98043823242188, "cy": 243.00564575195312, "pl_pos": [2.2970805876445866, 4.621261267962495, -5.1260211768197905], "pl_intensity": [6.64408016204834, 6.64408016204834, 6.64408016204834]}, {"id": 15, "img_name": "r_5", "width": 512, "height": 512, "position": [-7.775600829934708, 4.413219122845437, 8.466044592634173], "rotation": [[0.71878192831331, -0.3071460882402563, 0.6237098570621656], [-0.08552812415109723, -0.9293704652667563, -0.3591036338639789], [0.6899547165170025, 0.2047724592216512, -0.6942842513894566]], "fy": 3095.4506835937505, "fx": 3095.4506835937505, "cx": 222.98043823242188, "cy": 243.00564575195312, "pl_pos": [4.666181246323617, 4.675181072993269, 2.5062206998396164], "pl_intensity": [6.64408016204834, 6.64408016204834, 6.64408016204834]}, {"id": 16, "img_name": "r_6", "width": 512, "height": 512, "position": [-0.8746401293992758, 4.8571062258199085, 11.543111426564653], "rotation": [[0.9968338417468247, -0.045555713612941945, 0.06517001191275223], [-0.016129781098462956, -0.918418384815301, -0.3952813709810521], [0.07786064254014811, 0.3929786408801148, -0.916245319201337]], "fy": 3095.4506835937505, "fx": 3095.4506835937505, "cx": 222.98043823242188, "cy": 243.00564575195312, "pl_pos": [-2.014920476655959, 5.462061276926988, -2.5501405120229492], "pl_intensity": [6.64408016204834, 6.64408016204834, 6.64408016204834]}, {"id": 17, "img_name": "r_7", "width": 512, "height": 512, "position": [4.3513461415809775, 7.181037609947646, 11.242072311187849], "rotation": [[0.9468257350731364, 0.022891727987699523, -0.3209316968141882], [-0.15219812237498712, -0.8469439342883676, -0.509432698665168], [-0.2834728841460813, 0.5311891086638001, -0.7984241518216965]], "fy": 3095.4506835937505, "fx": 3095.4506835937505, "cx": 222.98043823242188, "cy": 243.00564575195312, "pl_pos": [2.215940526947975, 4.480200882005647, -4.785061069741232], "pl_intensity": [6.64408016204834, 6.64408016204834, 6.64408016204834]}, {"id": 18, "img_name": "r_8", "width": 512, "height": 512, "position": [-5.445889645324749, 5.708996499657052, -10.89630066112257], "rotation": [[-0.89691825621686, -0.126844871110046, 0.4236133409891836], [-0.07493363099037542, -0.9005216364641123, -0.4283055020973047], [0.4358012279346099, -0.41589781508846957, 0.7981893164463635]], "fy": 3095.4506835937505, "fx": 3095.4506835937505, "cx": 222.98043823242188, "cy": 243.00564575195312, "pl_pos": [-4.709500958800277, 5.3269012753725065, -1.4873183935446832], "pl_intensity": [6.64408016204834, 6.64408016204834, 6.64408016204834]}, {"id": 19, "img_name": "r_9", "width": 512, "height": 512, "position": [3.5840494136868184, 6.208213115717368, -11.823199727916347], "rotation": [[-0.9280632391946971, 0.27590778930267224, -0.25014727442748363], [-0.13409350460051464, -0.8741841308209837, -0.46671287836137954], [-0.34744444515857986, -0.39959605634714973, 0.8482955456977814]], "fy": 3095.4506835937505, "fx": 3095.4506835937505, "cx": 222.98043823242188, "cy": 243.00564575195312, "pl_pos": [-1.9280245132503637, 6.08928158027652, -4.9866411654090825], "pl_intensity": [6.64408016204834, 6.64408016204834, 6.64408016204834]}, {"id": 20, "img_name": "r_10", "width": 512, "height": 512, "position": [4.3601683259508865, 7.1727535643434095, 11.259124296641836], "rotation": [[0.9498563251587006, 0.020244094205188676, -0.3120308653408376], [-0.15136848174476106, -0.843413069979172, -0.5155016579128443], [-0.2736067263499494, 0.5368841153948325, -0.7980568275661564]], "fy": 3095.4506835937505, "fx": 3095.4506835937505, "cx": 222.98043823242188, "cy": 243.00564575195312, "pl_pos": [-2.411640503797514, 5.696341442189237, -1.9415684799118083], "pl_intensity": [6.64408016204834, 6.64408016204834, 6.64408016204834]}, {"id": 21, "img_name": "r_11", "width": 512, "height": 512, "position": [-6.069928185922321, 5.30171043913583, 10.066598431252487], "rotation": [[0.8720554524984688, -0.2117907861017853, 0.441207519345947], [-0.019233758982852116, -0.9156487946084738, -0.4015187456104849], [0.4890290187169124, 0.34166052451906576, -0.802570012380005]], "fy": 3095.4506835937505, "fx": 3095.4506835937505, "cx": 222.98043823242188, "cy": 243.00564575195312, "pl_pos": [3.966040841588949, 4.676621121554376, -1.6771283572025197], "pl_intensity": [6.64408016204834, 6.64408016204834, 6.64408016204834]}, {"id": 22, "img_name": "r_12", "width": 512, "height": 512, "position": [-7.057631744773407, 12.110785510726606, -10.208186676069316], "rotation": [[-0.6239431874086597, -0.6629853533598916, 0.4136974525237587], [0.24446877309985096, -0.6684084509692225, -0.7024706349404873], [0.742246557861007, -0.3371656195592645, 0.579128050538897]], "fy": 3095.4506835937505, "fx": 3095.4506835937505, "cx": 222.98043823242188, "cy": 243.00564575195312, "pl_pos": [-4.55474103802203, 5.216601184988008, -2.299020600085271], "pl_intensity": [6.64408016204834, 6.64408016204834, 6.64408016204834]}, {"id": 23, "img_name": "r_13", "width": 512, "height": 512, "position": [6.360461883764443, 5.726375926196364, 9.983888618414989], "rotation": [[0.8665197223172032, 0.09517592019029936, -0.48998513087896817], [-0.1492890043986176, -0.8872993147428472, -0.4363629792270672], [-0.4762946949080023, 0.45126646489612704, -0.7546533624215395]], "fy": 3095.4506835937505, "fx": 3095.4506835937505, "cx": 222.98043823242188, "cy": 243.00564575195312, "pl_pos": [2.988240716037751, 6.157861270394278, 0.10988422867875158], "pl_intensity": [6.64408016204834, 6.64408016204834, 6.64408016204834]}, {"id": 24, "img_name": "r_14", "width": 512, "height": 512, "position": [-7.563214249993854, 5.807894445406564, 9.082901130068173], "rotation": [[0.7155508274824606, -0.4161422942329996, 0.5610818816798966], [-0.16067047054299702, -0.8797046717900722, -0.4475539237646961], [0.6798323913651019, 0.23009822801110513, -0.6963351398976392]], "fy": 3095.4506835937505, "fx": 3095.4506835937505, "cx": 222.98043823242188, "cy": 243.00564575195312, "pl_pos": [0.7708121587781847, 5.3147414481020405, 4.485241051969524], "pl_intensity": [6.64408016204834, 6.64408016204834, 6.64408016204834]}, {"id": 25, "img_name": "r_15", "width": 512, "height": 512, "position": [3.935802202165504, 6.547043367338722, -11.702170998504217], "rotation": [[-0.9288144084441838, 0.2458870680454296, -0.2772067636385063], [-0.08174084585631647, -0.8656378825450877, -0.49395280190484026], [-0.3614172641561463, -0.43613135375802126, 0.8241158158769982]], "fy": 3095.4506835937505, "fx": 3095.4506835937505, "cx": 222.98043823242188, "cy": 243.00564575195312, "pl_pos": [-4.849381172509197, 2.909160592355704, -0.57860614743376], "pl_intensity": [6.64408016204834, 6.64408016204834, 6.64408016204834]}, {"id": 26, "img_name": "r_16", "width": 512, "height": 512, "position": [8.757497014402137, 5.675378722042412, -8.416035751350819], "rotation": [[-0.7066438139443274, 0.30266908646460255, -0.6395672222938033], [0.01106058732112856, -0.8990573859526134, -0.43769096449073286], [-0.7074831175110008, -0.3163654684774161, 0.6319654587457183]], "fy": 3095.4506835937505, "fx": 3095.4506835937505, "cx": 222.98043823242188, "cy": 243.00564575195312, "pl_pos": [4.094640754375405, 5.16362122622013, 1.5758923473100594], "pl_intensity": [6.64408016204834, 6.64408016204834, 6.64408016204834]}, {"id": 27, "img_name": "r_17", "width": 512, "height": 512, "position": [6.044612651420974, 5.650672155698631, -10.567760773629935], "rotation": [[-0.8784235884602565, 0.19992109674092784, -0.43405505608513595], [0.016440108635036022, -0.8951072203751851, -0.4455475716007724], [-0.4776001226900889, -0.39851538090389155, 0.7829965037545528]], "fy": 3095.4506835937505, "fx": 3095.4506835937505, "cx": 222.98043823242188, "cy": 243.00564575195312, "pl_pos": [3.9889810059023034, 5.6408614256048395, -1.5741683421535413], "pl_intensity": [6.64408016204834, 6.64408016204834, 6.64408016204834]}, {"id": 28, "img_name": "r_18", "width": 512, "height": 512, "position": [5.980453963387618, 3.5636283310955723, 9.67409364559444], "rotation": [[0.8518670086943798, 0.11038079070813953, -0.511994859896782], [-0.07281115040961765, -0.9430911111098315, -0.3244652550749496], [-0.5186724572607134, 0.3136802128166148, -0.7953512060198783]], "fy": 3095.4506835937505, "fx": 3095.4506835937505, "cx": 222.98043823242188, "cy": 243.00564575195312, "pl_pos": [3.5942808614444743, 3.3312207058000354, 2.531680710716273], "pl_intensity": [6.64408016204834, 6.64408016204834, 6.64408016204834]}, {"id": 29, "img_name": "r_19", "width": 512, "height": 512, "position": [-11.01258987563469, 5.843977762453665, 4.528608718099487], "rotation": [[0.3161491260836737, -0.48219621466306883, 0.8170292472132137], [-0.1642108463010193, -0.876014891001869, -0.4534672358732145], [0.9343899017874946, 0.00919824211720389, -0.3561331609222894]], "fy": 3095.4506835937505, "fx": 3095.4506835937505, "cx": 222.98043823242188, "cy": 243.00564575195312, "pl_pos": [-1.4614843038282288, 4.946021305565864, 5.229961211671821], "pl_intensity": [6.64408016204834, 6.64408016204834, 6.64408016204834]}, {"id": 30, "img_name": "r_20", "width": 512, "height": 512, "position": [11.78821152097247, 6.536959688949027, 2.8794106481701007], "rotation": [[0.27964199165529974, 0.4551894376546942, -0.8453420780231246], [-0.0604834153653404, -0.8703678149747783, -0.4886731663459688], [-0.9581972749010326, 0.18778267222720169, -0.21585993948136858]], "fy": 3095.4506835937505, "fx": 3095.4506835937505, "cx": 222.98043823242188, "cy": 243.00564575195312, "pl_pos": [-0.6385581227679182, 3.8412208178567653, -3.9634609135293886], "pl_intensity": [6.64408016204834, 6.64408016204834, 6.64408016204834]}, {"id": 31, "img_name": "r_21", "width": 512, "height": 512, "position": [3.9355716551710875, 12.004462243189668, 11.494525788908733], "rotation": [[0.7249091049834989, 0.6466597749521212, -0.23735675211394142], [0.3376100680894586, -0.6338777260601518, -0.6958579644872147], [-0.6004385545224542, 0.42429968967896053, -0.6778223781842774]], "fy": 3095.4506835937505, "fx": 3095.4506835937505, "cx": 222.98043823242188, "cy": 243.00564575195312, "pl_pos": [5.452781069941466, 2.952560651912677, 1.051438224658483], "pl_intensity": [6.64408016204834, 6.64408016204834, 6.64408016204834]}, {"id": 32, "img_name": "r_22", "width": 512, "height": 512, "position": [-3.020136662778353, 5.534183903889541, 11.377269723467174], "rotation": [[0.9615391948073672, -0.1650640420389941, 0.2195371835246378], [-0.05462926927480651, -0.8982408450900424, -0.4360950676462188], [0.2691808231628097, 0.4073292519068852, -0.8727109189373886]], "fy": 3095.4506835937505, "fx": 3095.4506835937505, "cx": 222.98043823242188, "cy": 243.00564575195312, "pl_pos": [5.114641455326137, 3.2168608228826656, 2.7125205308246336], "pl_intensity": [6.64408016204834, 6.64408016204834, 6.64408016204834]}, {"id": 33, "img_name": "r_23", "width": 512, "height": 512, "position": [12.444408522702592, 7.895715688637212, -0.5844733320410713], "rotation": [[0.030895720078946975, 0.5592074541033848, -0.8284519629834424], [-0.1106433208183141, -0.8218402196494657, -0.5588707434381238], [-0.9933798532878829, 0.10892939526616403, 0.03648119744959239]], "fy": 3095.4506835937505, "fx": 3095.4506835937505, "cx": 222.98043823242188, "cy": 243.00564575195312, "pl_pos": [3.9992208478975044, 5.163100996756498, -3.0292406151866658], "pl_intensity": [6.64408016204834, 6.64408016204834, 6.64408016204834]}, {"id": 34, "img_name": "r_24", "width": 512, "height": 512, "position": [11.032708595009437, 6.216128294505718, 4.9233117471070775], "rotation": [[0.4668067462926779, 0.3555271154796031, -0.8097481911988385], [-0.1278867805091579, -0.8788699849100448, -0.45960031195279977], [-0.8750636049268797, 0.31810062145069085, -0.3647952231565112]], "fy": 3095.4506835937505, "fx": 3095.4506835937505, "cx": 222.98043823242188, "cy": 243.00564575195312, "pl_pos": [3.8966610185289596, 6.390761468591677, -0.6914061764254598], "pl_intensity": [6.64408016204834, 6.64408016204834, 6.64408016204834]}, {"id": 35, "img_name": "r_25", "width": 512, "height": 512, "position": [-2.872605635859355, 11.978658191676859, -12.239640798439222], "rotation": [[-0.732820841060944, -0.6605040297582347, 0.1634263684495042], [0.39047295268773374, -0.6049306563238808, -0.6939665423063242], [0.5572293725067273, -0.444739666182044, 0.7012147544323641]], "fy": 3095.4506835937505, "fx": 3095.4506835937505, "cx": 222.98043823242188, "cy": 243.00564575195312, "pl_pos": [-1.8707704235959, 5.374121516733226, 1.8415203908729438], "pl_intensity": [6.64408016204834, 6.64408016204834, 6.64408016204834]}, {"id": 36, "img_name": "r_26", "width": 512, "height": 512, "position": [10.588769267650452, 4.016769411178644, -5.025244835048154], "rotation": [[-0.41219918981165765, 0.3427815373503176, -0.8441521835635005], [-0.1036071360452732, -0.938151250706334, -0.3303599902861176], [-0.9051835237902348, -0.048713995868165376, 0.4222197773641723]], "fy": 3095.4506835937505, "fx": 3095.4506835937505, "cx": 222.98043823242188, "cy": 243.00564575195312, "pl_pos": [-5.020481352920569, 4.996661423840578, -1.6123703986096416], "pl_intensity": [6.64408016204834, 6.64408016204834, 6.64408016204834]}, {"id": 37, "img_name": "r_27", "width": 512, "height": 512, "position": [11.441388950678402, 5.0698521303775115, 3.207056333316701], "rotation": [[0.30772589710214515, 0.3654476588208723, -0.8784946894761548], [-0.07571878752323233, -0.9109634576457094, -0.40547776232898813], [-0.9484573371994008, 0.19129458139232444, -0.2526557983238409]], "fy": 3095.4506835937505, "fx": 3095.4506835937505, "cx": 222.98043823242188, "cy": 243.00564575195312, "pl_pos": [3.638240966377282, 4.165600816154438, -3.977980846877074], "pl_intensity": [6.64408016204834, 6.64408016204834, 6.64408016204834]}, {"id": 38, "img_name": "r_28", "width": 512, "height": 512, "position": [8.078532719174266, 7.883529628374505, -9.692388562079147], "rotation": [[-0.7205160834806899, 0.44982427185408536, -0.5277451437082067], [-0.10914834629057182, -0.8251365150615111, -0.5542888771430184], [-0.6847942550337642, -0.3417715740686226, 0.643621776597237]], "fy": 3095.4506835937505, "fx": 3095.4506835937505, "cx": 222.98043823242188, "cy": 243.00564575195312, "pl_pos": [0.41626210004377384, 5.802741480526947, -4.7171808999013365], "pl_intensity": [6.64408016204834, 6.64408016204834, 6.64408016204834]}, {"id": 39, "img_name": "r_29", "width": 512, "height": 512, "position": [8.789389892597596, 5.649114244859062, -8.404801513480965], "rotation": [[-0.6638131149352138, 0.3616868776541091, -0.654625780692864], [-0.048166495781689446, -0.8941444255528916, -0.4451805500946381], [-0.7463458721138088, -0.26398566408315005, 0.610965841366455]], "fy": 3095.4506835937505, "fx": 3095.4506835937505, "cx": 222.98043823242188, "cy": 243.00564575195312, "pl_pos": [-1.705194402979373, 3.0001206398296176, -5.58486117955681], "pl_intensity": [6.64408016204834, 6.64408016204834, 6.64408016204834]}, {"id": 40, "img_name": "r_30", "width": 512, "height": 512, "position": [-5.245696200637504, 3.568181386047761, 10.065055985764733], "rotation": [[0.881805976483334, -0.20533746736990705, 0.4245645273321333], [-0.061839550821374975, -0.9428099281994657, -0.32754428233557364], [0.4675406599511154, 0.26257554875830796, -0.8440732025733639]], "fy": 3095.4506835937505, "fx": 3095.4506835937505, "cx": 222.98043823242188, "cy": 243.00564575195312, "pl_pos": [-0.376784086652755, 3.2174807113361226, 3.9692408965206027], "pl_intensity": [6.64408016204834, 6.64408016204834, 6.64408016204834]}, {"id": 41, "img_name": "r_31", "width": 512, "height": 512, "position": [12.282402549076041, 7.2108072293764955, -0.9167604943228097], "rotation": [[0.011111411591199058, 0.5155298688244677, -0.8567996965399197], [-0.15278571389090753, -0.8459158939541603, -0.5109625485913445], [-0.9881968040111445, 0.13658430925776774, 0.06936622969270113]], "fy": 3095.4506835937505, "fx": 3095.4506835937505, "cx": 222.98043823242188, "cy": 243.00564575195312, "pl_pos": [-3.567080871362691, 2.9461607804680057, -5.0687811538648475], "pl_intensity": [6.64408016204834, 6.64408016204834, 6.64408016204834]}, {"id": 42, "img_name": "r_32", "width": 512, "height": 512, "position": [-4.560910768617353, 7.355234546093082, 11.158694643818373], "rotation": [[0.8614338859872124, -0.39139001766598636, 0.3236443546843712], [-0.18341755691988593, -0.834003308561693, -0.5203810328255789], [0.47359239100571565, 0.3889117583319403, -0.7902264226378889]], "fy": 3095.4506835937505, "fx": 3095.4506835937505, "cx": 222.98043823242188, "cy": 243.00564575195312, "pl_pos": [3.3560808553886545, 5.655301488709483, 4.071061151280446], "pl_intensity": [6.64408016204834, 6.64408016204834, 6.64408016204834]}, {"id": 43, "img_name": "r_33", "width": 512, "height": 512, "position": [-9.968479391154895, 7.941531651202408, 7.162407775212057], "rotation": [[0.5306811625303332, -0.5336496697949975, 0.6584799397573582], [-0.11991688743762086, -0.8163601410877847, -0.564956611294599], [0.8390455390906374, 0.22084890390931664, -0.4972204089530671]], "fy": 3095.4506835937505, "fx": 3095.4506835937505, "cx": 222.98043823242188, "cy": 243.00564575195312, "pl_pos": [-2.67616073516848, 4.229721124105481, 4.998001336574589], "pl_intensity": [6.64408016204834, 6.64408016204834, 6.64408016204834]}, {"id": 44, "img_name": "r_34", "width": 512, "height": 512, "position": [-2.0641307983709107, 7.854000056743189, -12.482104416394575], "rotation": [[-0.9855518132050373, 0.027433967425708767, 0.16713792365111155], [-0.11650904057860006, -0.8260488775751407, -0.5514242337208604], [0.12293633388517047, -0.5629302401659979, 0.8173104230953961]], "fy": 3095.4506835937505, "fx": 3095.4506835937505, "cx": 222.98043823242188, "cy": 243.00564575195312, "pl_pos": [-3.5490008709430754, 5.7028812653732075, -3.076880711765284], "pl_intensity": [6.64408016204834, 6.64408016204834, 6.64408016204834]}, {"id": 45, "img_name": "r_35", "width": 512, "height": 512, "position": [2.0299801897954244, 5.875747174202391, 11.693569110290127], "rotation": [[0.9856035381248205, -0.01476172621294872, -0.16842841190317842], [-0.08993741418982201, -0.8893224259680871, -0.44834880225049223], [-0.14316877288958024, 0.45704204561331324, -0.8778468738165337]], "fy": 3095.4506835937505, "fx": 3095.4506835937505, "cx": 222.98043823242188, "cy": 243.00564575195312, "pl_pos": [5.101281428642324, 4.781861014809579, 1.1458082546729997], "pl_intensity": [6.64408016204834, 6.64408016204834, 6.64408016204834]}, {"id": 46, "img_name": "r_36", "width": 512, "height": 512, "position": [1.4825690634753441, 5.913474414787592, -12.136538307826342], "rotation": [[-0.9589597694174985, 0.25911292809936604, -0.11513768761643163], [-0.18083394377724132, -0.8716658945669187, -0.4555189345895648], [-0.2183924346808874, -0.41600364229767933, 0.8827490194541747]], "fy": 3095.4506835937505, "fx": 3095.4506835937505, "cx": 222.98043823242188, "cy": 243.00564575195312, "pl_pos": [-2.100280547208797, 3.662520805006011, -4.583661218562156], "pl_intensity": [6.64408016204834, 6.64408016204834, 6.64408016204834]}, {"id": 47, "img_name": "r_37", "width": 512, "height": 512, "position": [11.216589740893138, 6.2335949501022, -4.917662362494751], "rotation": [[-0.3273640990760716, 0.4850489522095688, -0.8109010826126074], [-0.13283843023938202, -0.8732903774714897, -0.46874049735539763], [-0.9355141171258905, -0.04572998049496568, 0.3503170200870216]], "fy": 3095.4506835937505, "fx": 3095.4506835937505, "cx": 222.98043823242188, "cy": 243.00564575195312, "pl_pos": [2.4914606789255345, 5.7322615938807076, -5.70034115322585], "pl_intensity": [6.64408016204834, 6.64408016204834, 6.64408016204834]}, {"id": 48, "img_name": "r_38", "width": 512, "height": 512, "position": [-11.428840092281984, 6.454996401666982, -4.274617227866199], "rotation": [[-0.37269818257675225, -0.4085382661682202, 0.833182395775894], [-0.1152193849102007, -0.8705498793354207, -0.47840067818510157], [0.9207716405439748, -0.27429779521928654, 0.277380862172075]], "fy": 3095.4506835937505, "fx": 3095.4506835937505, "cx": 222.98043823242188, "cy": 243.00564575195312, "pl_pos": [-5.082461138358099, 4.669541041741354, 0.22850004816055147], "pl_intensity": [6.64408016204834, 6.64408016204834, 6.64408016204834]}, {"id": 49, "img_name": "r_39", "width": 512, "height": 512, "position": [-1.837089847650948, 7.183696026710959, -12.322913027676968], "rotation": [[-0.9855958444717321, 0.09047859773662993, 0.14287985570698697], [-0.15183234546236832, -0.8454959161648252, -0.511940886789238], [0.07448462605988446, -0.5262605945769648, 0.8470547512850124]], "fy": 3095.4506835937505, "fx": 3095.4506835937505, "cx": 222.98043823242188, "cy": 243.00564575195312, "pl_pos": [0.8528061754240923, 3.596960925331132, 5.201521206264488], "pl_intensity": [6.64408016204834, 6.64408016204834, 6.64408016204834]}, {"id": 50, "img_name": "r_40", "width": 512, "height": 512, "position": [6.146002804279647, 5.889428589207455, -10.554006231785708], "rotation": [[-0.7879410151565135, 0.4031043734275831, -0.46546322296006504], [-0.17916940610577886, -0.8733133902747213, -0.4530142465337743], [-0.5891072657165635, -0.273551828114305, 0.7603433266391185]], "fy": 3095.4506835937505, "fx": 3095.4506835937505, "cx": 222.98043823242188, "cy": 243.00564575195312, "pl_pos": [-0.9563622370629332, 4.844041071901302, -4.275621003060337], "pl_intensity": [6.64408016204834, 6.64408016204834, 6.64408016204834]}, {"id": 51, "img_name": "r_41", "width": 512, "height": 512, "position": [4.915896450249934, 4.4710859272136885, 10.456855075613433], "rotation": [[0.8994425145731225, 0.17394710642008354, -0.40093103179017514], [0.01815062808808953, -0.9314560695270717, -0.3634006865458669], [-0.4366620166779206, 0.31958085781432743, -0.8409484643322448]], "fy": 3095.4506835937505, "fx": 3095.4506835937505, "cx": 222.98043823242188, "cy": 243.00564575195312, "pl_pos": [-1.0453442443237293, 5.4982012506008004, 3.697100805544835], "pl_intensity": [6.64408016204834, 6.64408016204834, 6.64408016204834]}, {"id": 52, "img_name": "r_42", "width": 512, "height": 512, "position": [-0.22455464883611054, 7.65370642675326, 12.152761037144], "rotation": [[0.9918558122384143, -0.1270239822177301, 0.009338735725245255], [-0.10219057612189843, -0.8374205860290473, -0.5369205648115178], [0.07602223285782232, 0.5315934065110606, -0.8435810389523519]], "fy": 3095.4506835937505, "fx": 3095.4506835937505, "cx": 222.98043823242188, "cy": 243.00564575195312, "pl_pos": [-4.231761033954626, 4.048480999107369, -3.9150008952617554], "pl_intensity": [6.64408016204834, 6.64408016204834, 6.64408016204834]}, {"id": 53, "img_name": "r_43", "width": 512, "height": 512, "position": [-6.173484149032596, 12.036552919107685, -10.869277072885449], "rotation": [[-0.5975017977157121, -0.7144775257840803, 0.3640243200821914], [0.3331247233112294, -0.6341132135704028, -0.6978023938390352], [0.7293967094251892, -0.2956726547684287, 0.6168938750006653]], "fy": 3095.4506835937505, "fx": 3095.4506835937505, "cx": 222.98043823242188, "cy": 243.00564575195312, "pl_pos": [-4.349521243457843, 5.41318116502282, -1.3031242616472127], "pl_intensity": [6.64408016204834, 6.64408016204834, 6.64408016204834]}, {"id": 54, "img_name": "r_44", "width": 512, "height": 512, "position": [-0.1541225830608718, 5.652305520130199, -12.18599896097089], "rotation": [[-0.9987988926134853, -0.032095656359892775, 0.03702378734658673], [0.012658679614467873, -0.8989743437521203, -0.43781831047992265], [0.04733549983077104, -0.4368237529887137, 0.8983007589457026]], "fy": 3095.4506835937505, "fx": 3095.4506835937505, "cx": 222.98043823242188, "cy": 243.00564575195312, "pl_pos": [5.031321294622444, 3.817300991368313, -2.4178405804252634], "pl_intensity": [6.64408016204834, 6.64408016204834, 6.64408016204834]}, {"id": 55, "img_name": "r_45", "width": 512, "height": 512, "position": [8.14411927987544, 12.039161209959786, 9.213873054250584], "rotation": [[0.36994588545702406, 0.7984418179708704, -0.4750062332575979], [0.39126747374573456, -0.597624956616154, -0.6998243879558821], [-0.8426444836388552, 0.07304267758356495, -0.5334930423164362]], "fy": 3095.4506835937505, "fx": 3095.4506835937505, "cx": 222.98043823242188, "cy": 243.00564575195312, "pl_pos": [-2.906300760817544, 5.483061190381022, -0.9473962062349273], "pl_intensity": [6.64408016204834, 6.64408016204834, 6.64408016204834]}, {"id": 56, "img_name": "r_46", "width": 512, "height": 512, "position": [11.822422938923864, 4.853210175802473, 0.10111785110660242], "rotation": [[0.020372720014556117, 0.39820805020956435, -0.9170689718519188], [0.007741459670373248, -0.9172944539510826, -0.3981339795852558], [-0.9997625287067401, 0.0010115897969042418, -0.021770476025753317]], "fy": 3095.4506835937505, "fx": 3095.4506835937505, "cx": 222.98043823242188, "cy": 243.00564575195312, "pl_pos": [-3.3287208864021522, 3.4072807806205674, 3.9917409400320025], "pl_intensity": [6.64408016204834, 6.64408016204834, 6.64408016204834]}, {"id": 57, "img_name": "r_47", "width": 512, "height": 512, "position": [-10.670644761553605, 6.469730306766782, 5.532350134497458], "rotation": [[0.4218883836319952, -0.48647756735518055, 0.7650817061568072], [-0.12065385742064132, -0.8664768002818852, -0.48441761071106426], [0.8985837220116514, 0.11206017188182443, -0.42425198082048243]], "fy": 3095.4506835937505, "fx": 3095.4506835937505, "cx": 222.98043823242188, "cy": 243.00564575195312, "pl_pos": [-3.152160680809004, 5.602201366949089, 3.80902095056058], "pl_intensity": [6.64408016204834, 6.64408016204834, 6.64408016204834]}, {"id": 58, "img_name": "r_48", "width": 512, "height": 512, "position": [-0.07039450716808136, 3.7937480788669515, 11.319013154211774], "rotation": [[0.9933390927835706, -0.11517202616097058, 0.0036214004020285466], [-0.10743291294478433, -0.9370388764844998, -0.3322893108957021], [0.0416638227670064, 0.32968690566927933, -0.9431704690760045]], "fy": 3095.4506835937505, "fx": 3095.4506835937505, "cx": 222.98043823242188, "cy": 243.00564575195312, "pl_pos": [1.310546352993498, 4.611641076002115, -4.986341234765064], "pl_intensity": [6.64408016204834, 6.64408016204834, 6.64408016204834]}, {"id": 59, "img_name": "r_49", "width": 512, "height": 512, "position": [11.225499637573044, 6.219073718509746, -4.923201597690709], "rotation": [[-0.33022638647799674, 0.4754656673902504, -0.8154036658786464], [-0.1296869933149982, -0.8785268036904175, -0.459751779507697], [-0.9349502285168704, -0.04607484423435897, 0.35177437883607804]], "fy": 3095.4506835937505, "fx": 3095.4506835937505, "cx": 222.98043823242188, "cy": 243.00564575195312, "pl_pos": [1.9602044725904477, 6.428081614513417, -2.635500582575787], "pl_intensity": [6.64408016204834, 6.64408016204834, 6.64408016204834]}, {"id": 60, "img_name": "r_50", "width": 512, "height": 512, "position": [11.283149548327176, 12.082464237799972, 4.796986769911199], "rotation": [[0.047912297384020114, 0.7474630739378714, -0.6625734816839947], [0.33565147075663343, -0.6368097001790701, -0.6941265035981956], [-0.9407667934977861, -0.18913647042465206, -0.2813980720873819]], "fy": 3095.4506835937505, "fx": 3095.4506835937505, "cx": 222.98043823242188, "cy": 243.00564575195312, "pl_pos": [4.717821292357485, 4.945981251235025, -2.829160649576181], "pl_intensity": [6.64408016204834, 6.64408016204834, 6.64408016204834]}, {"id": 61, "img_name": "r_51", "width": 512, "height": 512, "position": [-10.802610731435797, 12.009673596581306, -6.193477892098], "rotation": [[-0.08338672405673679, -0.7687975383872141, 0.6340325831419324], [0.3872376116034655, -0.6112444621376926, -0.6902369782582269], [0.9182012520438662, 0.18796458485436804, 0.3486769447948816]], "fy": 3095.4506835937505, "fx": 3095.4506835937505, "cx": 222.98043823242188, "cy": 243.00564575195312, "pl_pos": [-0.4369920937995886, 4.784401126956936, 4.754161060848219], "pl_intensity": [6.64408016204834, 6.64408016204834, 6.64408016204834]}, {"id": 62, "img_name": "r_52", "width": 512, "height": 512, "position": [-9.437532767660745, 5.683709546019599, -7.569121258048879], "rotation": [[-0.5837951637948727, -0.3626984161777624, 0.7263837867318775], [0.015890988938001158, -0.8996031911491944, -0.43641884741572046], [0.8117453660953909, -0.24323626319619787, 0.5309476485107828]], "fy": 3095.4506835937505, "fx": 3095.4506835937505, "cx": 222.98043823242188, "cy": 243.00564575195312, "pl_pos": [1.4646882926673754, 2.5426606041574473, -5.151681220932005], "pl_intensity": [6.64408016204834, 6.64408016204834, 6.64408016204834]}, {"id": 63, "img_name": "r_53", "width": 512, "height": 512, "position": [7.983448500468317, 12.08955457495203, -9.525732018271018], "rotation": [[-0.8725855905423086, 0.1729317777695361, -0.45682532030413187], [0.2425703285357615, -0.6583502814488934, -0.7125548557965388], [-0.42397442483059666, -0.7325770620047107, 0.5325187973862253]], "fy": 3095.4506835937505, "fx": 3095.4506835937505, "cx": 222.98043823242188, "cy": 243.00564575195312, "pl_pos": [0.7780181832356448, 6.105221296601258, -3.400720691852541], "pl_intensity": [6.64408016204834, 6.64408016204834, 6.64408016204834]}, {"id": 64, "img_name": "r_54", "width": 512, "height": 512, "position": [-5.071799533795911, 6.83525200730571, -11.301895928834256], "rotation": [[-0.9159725188386665, -0.09567582069563581, 0.38966747461278706], [-0.11980377397820531, -0.8616399189396173, -0.4931770811468888], [0.38293812589715964, -0.49842015296010717, 0.7777760324250493]], "fy": 3095.4506835937505, "fx": 3095.4506835937505, "cx": 222.98043823242188, "cy": 243.00564575195312, "pl_pos": [3.534940847144128, 5.102741027531579, -3.5038207778501373], "pl_intensity": [6.64408016204834, 6.64408016204834, 6.64408016204834]}, {"id": 65, "img_name": "r_55", "width": 512, "height": 512, "position": [9.467544905553494, 6.461775889819704, -7.837007960559392], "rotation": [[-0.5796297136926952, 0.45846736117174236, -0.6736745689260206], [-0.12316391527156738, -0.8665080703858058, -0.4837294952855417], [-0.8055185041150158, -0.1974115532710153, 0.5587203740804983]], "fy": 3095.4506835937505, "fx": 3095.4506835937505, "cx": 222.98043823242188, "cy": 243.00564575195312, "pl_pos": [3.1685607835197516, 2.9226608091974526, -4.829141337666556], "pl_intensity": [6.64408016204834, 6.64408016204834, 6.64408016204834]}, {"id": 66, "img_name": "r_56", "width": 512, "height": 512, "position": [-1.0695777188220486, 7.188675113441966, -12.424024256713855], "rotation": [[-0.9898188976867838, 0.11373629838633023, 0.08557267153956026], [-0.14164335039820486, -0.8462232423751607, -0.5136567593215592], [0.013992154281644815, -0.5205479854568613, 0.8537177844626218]], "fy": 3095.4506835937505, "fx": 3095.4506835937505, "cx": 222.98043823242188, "cy": 243.00564575195312, "pl_pos": [4.718421153645522, 3.255100787901881, 0.5964061251654584], "pl_intensity": [6.64408016204834, 6.64408016204834, 6.64408016204834]}, {"id": 67, "img_name": "r_57", "width": 512, "height": 512, "position": [-11.7870325788295, 5.688452921921199, 1.8496982872125918], "rotation": [[0.21267213042254532, -0.4202244355723569, 0.8821462991825278], [0.01674093816946269, -0.9010994674580484, -0.4332891119050557], [0.9769801612652477, 0.10691647926583067, -0.18460379932194165]], "fy": 3095.4506835937505, "fx": 3095.4506835937505, "cx": 222.98043823242188, "cy": 243.00564575195312, "pl_pos": [-3.3276007956504827, 2.2501204610156833, -4.05950118